3,2
3,1
3,3
10,105
10,133
10,295
10,205
10,211
10,2
10,3
11,8
8,5
8,12
8,15
8,9
8,6
8,2
8,3
26,3
26,2
26,1
26,0
11,30
11,29
11,28
11,27
12,2
12,1
12,3
11,26
11,24
11,23
11,22
11,21
11,20
11,19
11,18
11,17
11,16
11,15
11,14
11,13
11,12
11,11
11,7
11,6
11,5
11,4
11,3
11,2
11,1
10,313
10,309
10,305
10,303
10,292
10,289
10,285
10,282
20,2
20,1
10,280
10,271
20,3
10,266
10,264
10,263
19,2
19,1
10,237
19,3
10,233
10,213
10,201
10,200
10,195
10,187
10,179
10,154
10,151
10,143
10,142
10,136
10,131
10,129
10,124
10,117
10,110
10,107
10,98
18,1
10,85
